39 9998
18 9996
96 9994
69 9993
91 9991
81 9989
19 9975
24 9972
10 9971
19 9969
54 9959
12 9953
22 9950
42 9947
22 9932
90 9926
28 9911
40 9907
98 9895
56 9894
126 9884
89 9880
78 9875
61 9869
57 9864
98 9863
149 9855
91 9853
88 9852
44 9851
95 9846
18 9840
39 9837
93 9833
88 9831
69 9828
62 9826
48 9824
48 9820
15 9812
53 9811
61 9809
65 9804
74 9803
46 9800
98 9795
83 9789
59 9787
8 9780
65 9779
12 9777
82 9776
66 9753
11 9750
44 9743
99 9740
37 9733
52 9724
35 9721
26 9720
72 9710
92 9707
43 9700
49 9696
72 9683
40 9669
20 9664
63 9662
10 9656
47 9651
22 9638
61 9635
48 9634
85 9631
75 9619
66 9618
59 9617
46 9614
55 9611
19 9609
18 9607
78 9589
26 9585
13 9581
72 9578
55 9576
78 9575
85 9552
36 9539
96 9538
22 9534
17 9532
39 9530
141 9524
80 9523
18 9521
27 9515
86 9513
81 9511
70 9506
2 9502
77 9500
166 9499
99 9493
62 9487
38 9485
99 9483
57 9474
80 9470
94 9466
87 9463
23 9460
71 9459
6 9455
94 9452
4 9448
21 9446
77 9444
83 9443
87 9438
44 9436
46 9435
66 9434
96 9419
52 9416
47 9407
65 9399
21 9386
99 9385
45 9384
50 9379
88 9371
83 9366
8 9365
5 9355
53 9350
78 9349
5 9343
99 9341
60 9340
42 9339
81 9324
15 9320
23 9311
56 9309
83 9308
30 9306
84 9283
48 9282
81 9273
56 9270
54 9269
70 9266
74 9265
20 9258
42 9252
16 9247
85 9242
78 9241
42 9233
58 9228
24 9224
17 9221
99 9218
96 9215
66 9210
22 9209
65 9207
48 9191
72 9189
33 9185
68 9177
3 9166
45 9165
2 9155
56 9152
27 9146
63 9145
28 9140
28 9139
93 9128
60 9117
88 9113
69 9107
52 9104
52 9098
34 9095
3 9094
80 9092
49 9091
43 9089
82 9088
58 9087
83 9083
66 9082
73 9081
45 9074
10 9072
29 9064
45 9058
34 9057
98 9056
15 9053
68 9049
99 9048
91 9044
19 9037
39 9035
85 9034
37 9031
8 9030
48 9029
9 9027
36 9024
60 9023
40 9015
69 9014
49 9011
70 9010
11 9009
6 9004
53 9000
86 8998
7 8996
23 8993
88 8988
35 8987
74 8984
90 8983
92 8978
123 8975
97 8973
44 8972
72 8967
89 8963
19 8961
83 8958
98 8953
70 8945
18 8944
70 8941
5 8939
81 8933
50 8916
94 8910
63 8909
98 8899
71 8892
48 8889
53 8886
62 8882
52 8868
46 8867
38 8864
58 8857
25 8852
58 8848
16 8847
60 8838
75 8835
33 8832
21 8831
78 8829
26 8819
12 8818
51 8808
86 8807
91 8793
30 8792
27 8789
45 8786
27 8785
30 8774
96 8768
25 8754
89 8749
29 8727
29 8720
10 8709
60 8705
71 8690
10 8688
2 8675
24 8672
20 8671
19 8654
45 8650
29 8646
43 8642
117 8638
30 8637
88 8634
91 8632
67 8628
31 8627
19 8624
98 8615
131 8612
31 8608
66 8603
16 8599
75 8596
61 8595
9 8594
13 8593
9 8592
81 8591
38 8582
75 8581
29 8576
3 8574
7 8572
48 8567
8 8566
58 8558
35 8557
7 8554
95 8551
120 8546
56 8545
20 8542
194 8538
85 8536
54 8535
43 8529
79 8528
50 8524
48 8517
29 8514
22 8511
91 8507
37 8506
196 8504
87 8500
33 8499
44 8498
60 8497
34 8495
44 8489
69 8487
71 8485
21 8479
61 8475
7 8471
30 8467
89 8466
83 8465
10 8450
24 8449
70 8442
11 8438
75 8435
97 8429
73 8424
95 8421
35 8414
98 8412
1 8401
72 8391
67 8384
73 8383
62 8382
34 8370
92 8369
36 8361
27 8360
18 8358
59 8355
88 8346
97 8345
5 8344
27 8338
17 8326
192 8323
63 8315
86 8314
29 8307
21 8305
12 8304
31 8303
59 8300
24 8298
47 8294
14 8288
38 8284
29 8283
71 8281
54 8275
86 8266
148 8262
90 8254
2 8240
15 8235
77 8234
31 8232
46 8230
98 8228
28 8227
17 8223
31 8218
83 8217
79 8216
59 8215
35 8214
32 8212
72 8210
83 8209
18 8205
19 8204
57 8200
98 8197
82 8190
43 8185
72 8184
62 8181
50 8180
73 8177
68 8176
23 8172
37 8169
56 8168
102 8165
76 8161
86 8160
79 8158
21 8151
40 8149
22 8142
97 8137
90 8131
98 8127
25 8124
81 8114
67 8112
42 8109
31 8107
84 8104
61 8103
155 8097
60 8092
34 8089
85 8085
42 8084
81 8082
90 8079
10 8075
107 8072
77 8062
99 8056
70 8047
82 8037
88 8033
10 8016
11 8010
60 8009
159 8004
81 7999
70 7987
103 7983
90 7982
6 7981
120 7974
9 7972
82 7969
31 7967
49 7965
130 7956
75 7955
30 7954
72 7953
88 7944
69 7941
42 7939
62 7937
3 7920
84 7909
59 7892
81 7883
77 7880
61 7875
65 7873
12 7871
45 7868
35 7866
131 7865
24 7854
30 7829
98 7828
4 7826
94 7816
29 7814
78 7813
35 7805
43 7802
76 7796
29 7779
91 7776
1 7772
32 7761
28 7751
135 7748
53 7743
26 7741
13 7736
17 7729
18 7721
34 7713
55 7708
81 7703
62 7697
9 7695
53 7694
95 7692
25 7691
99 7679
23 7671
91 7665
56 7657
85 7655
62 7650
45 7644
35 7637
43 7635
67 7633
21 7631
4 7619
88 7618
49 7616
80 7610
91 7603
55 7596
95 7593
55 7587
1 7584
26 7582
17 7575
51 7571
9 7560
49 7553
59 7550
31 7548
92 7542
99 7541
90 7532
19 7530
93 7529
105 7514
89 7512
93 7491
73 7483
26 7482
45 7474
79 7472
33 7468
16 7467
93 7466
65 7463
32 7461
17 7458
92 7457
25 7450
69 7449
19 7444
12 7441
17 7440
30 7434
8 7433
80 7432
65 7431
56 7427
49 7426
44 7414
99 7413
59 7404
88 7403
36 7396
63 7395
96 7391
49 7389
72 7385
41 7380
97 7372
26 7370
11 7364
88 7362
81 7361
82 7355
74 7354
25 7352
47 7351
34 7339
36 7337
9 7335
1 7334
35 7333
6 7330
75 7327
25 7310
86 7306
56 7304
104 7300
19 7298
9 7284
64 7280
65 7272
11 7267
142 7264
59 7260
6 7257
30 7250
100 7245
36 7243
60 7236
5 7235
37 7228
102 7227
84 7222
6 7220
23 7218
95 7211
80 7205
83 7204
97 7199
66 7159
95 7157
25 7154
36 7153
35 7151
25 7150
11 7148
62 7147
55 7138
69 7126
72 7114
137 7112
42 7102
11 7098
84 7095
46 7094
46 7083
30 7080
93 7072
88 7061
20 7057
25 7051
62 7046
18 7045
43 7044
65 7039
1 7023
10 7019
88 7002
37 6996
91 6987
28 6986
19 6985
58 6981
80 6968
24 6962
39 6955
85 6953
42 6920
82 6909
64 6907
2 6906
78 6903
95 6899
98 6892
61 6891
98 6877
86 6871
33 6859
5 6856
98 6851
44 6848
40 6846
87 6840
48 6837
50 6835
26 6833
65 6824
61 6816
82 6807
16 6794
18 6790
30 6784
4 6781
15 6780
49 6775
25 6774
73 6771
71 6767
71 6766
91 6763
82 6761
96 6759
10 6757
56 6756
31 6752
34 6741
93 6730
70 6729
88 6728
3 6724
43 6723
91 6714
72 6709
71 6701
42 6699
66 6693
177 6689
29 6687
95 6682
91 6677
164 6675
77 6674
57 6673
75 6664
95 6661
35 6660
68 6634
86 6632
66 6631
34 6630
98 6629
23 6615
29 6613
95 6612
8 6610
36 6609
6 6604
11 6594
19 6593
28 6589
14 6584
45 6582
98 6574
94 6572
58 6560
27 6554
11 6549
70 6545
72 6537
86 6536
47 6535
54 6528
116 6526
64 6521
70 6519
100 6518
90 6509
11 6507
16 6501
38 6500
60 6491
79 6487
13 6484
55 6483
76 6481
23 6478
29 6474
15 6472
46 6471
84 6464
95 6463
34 6459
9 6458
71 6457
90 6451
52 6449
97 6440
22 6425
6 6422
99 6421
74 6408
37 6406
7 6401
49 6399
57 6395
60 6393
59 6392
92 6384
44 6376
46 6370
1 6360
64 6355
18 6353
90 6352
33 6347
80 6343
30 6342
91 6336
85 6334
5 6333
18 6327
20 6326
49 6322
1 6317
13 6309
62 6307
3 6306
71 6305
6 6287
130 6285
163 6283
38 6281
156 6279
59 6275
74 6274
81 6272
53 6267
53 6265
22 6263
43 6260
8 6256
95 6253
12 6245
69 6242
52 6237
16 6236
29 6228
50 6227
78 6211
25 6209
18 6207
74 6200
72 6192
77 6179
25 6178
59 6170
29 6166
35 6165
28 6159
51 6158
44 6153
36 6150
31 6147
23 6144
18 6141
55 6138
83 6134
7 6128
30 6121
93 6118
11 6117
18 6115
10 6114
99 6107
96 6105
10 6104
44 6103
11 6089
44 6078
78 6077
93 6076
81 6067
76 6062
81 6061
3 6059
77 6057
8 6053
65 6052
27 6047
8 6046
43 6039
5 6036
80 6035
44 6030
86 6029
20 6027
80 6019
70 6013
26 6012
26 6002
76 6001
90 5994
82 5978
73 5965
82 5964
54 5961
43 5960
67 5957
85 5956
69 5937
90 5936
27 5935
59 5931
20 5923
68 5916
7 5909
5 5906
60 5904
71 5903
56 5899
81 5898
77 5896
51 5894
4 5889
34 5887
63 5886
113 5885
1 5883
137 5881
38 5877
9 5874
79 5872
9 5865
64 5859
83 5852
98 5848
56 5840
72 5828
120 5824
28 5812
45 5810
91 5808
16 5804
30 5799
155 5798
48 5792
92 5790
35 5781
67 5778
106 5776
85 5769
31 5767
65 5762
32 5761
93 5760
13 5758
2 5752
97 5745
72 5734
83 5729
70 5721
65 5713
62 5710
30 5708
92 5703
61 5698
88 5694
28 5686
4 5680
93 5678
99 5676
38 5675
17 5665
33 5656
70 5634
164 5630
62 5627
27 5624
28 5618
45 5617
66 5613
9 5607
72 5605
65 5604
91 5597
72 5592
6 5590
62 5585
97 5582
63 5576
32 5574
61 5572
64 5570
88 5568
33 5566
5 5563
101 5559
88 5558
17 5557
76 5553
9 5551
61 5549
16 5541
86 5538
23 5535
92 5531
5 5527
95 5524
47 5523
33 5522
8 5516
66 5515
85 5512
10 5509
43 5507
11 5506
42 5502
35 5494
66 5493
60 5486
89 5485
55 5483
112 5476
14 5474
52 5472
80 5471
13 5468
89 5465
34 5463
82 5462
77 5459
141 5454
55 5450
27 5445
4 5443
4 5440
48 5433
90 5432
89 5429
64 5425
69 5421
83 5418
20 5409
27 5408
33 5406
2 5405
2 5400
113 5390
42 5389
42 5379
26 5373
95 5372
88 5371
96 5368
66 5365
36 5364
33 5359
65 5348
87 5337
91 5329
112 5324
53 5313
163 5311
8 5309
94 5307
16 5305
13 5295
81 5292
17 5280
60 5279
24 5273
76 5258
53 5252
76 5248
62 5239
4 5238
74 5221
49 5220
2 5216
98 5212
78 5208
18 5204
18 5203
94 5198
88 5171
92 5163
8 5162
93 5157
70 5152
17 5140
25 5135
10 5132
153 5114
69 5112
140 5110
13 5107
4 5104
131 5101
74 5100
28 5094
48 5086
87 5084
8 5082
49 5081
136 5078
14 5062
75 5060
78 5059
72 5053
70 5051
88 5049
95 5047
61 5045
59 5037
81 5036
5 5034
45 5028
82 5027
54 5018
47 5014
77 5002
167 4996
69 4992
49 4991
63 4990
55 4988
23 4987
53 4986
142 4979
6 4973
9 4970
40 4968
98 4965
15 4962
63 4961
91 4960
86 4958
90 4954
38 4949
152 4945
95 4935
57 4930
93 4927
42 4925
57 4924
51 4920
61 4919
92 4917
84 4911
83 4908
37 4904
9 4900
36 4897
73 4895
36 4893
32 4886
145 4881
22 4878
94 4874
34 4870
78 4866
25 4864
70 4848
45 4837
28 4834
12 4819
84 4814
51 4813
82 4803
95 4799
10 4798
29 4793
92 4789
34 4784
118 4780
54 4777
77 4775
80 4773
20 4771
72 4769
31 4766
94 4759
3 4757
23 4749
76 4748
4 4737
31 4735
90 4730
88 4729
12 4726
42 4725
115 4720
32 4715
32 4706
2 4703
51 4696
47 4695
87 4691
84 4690
146 4689
93 4684
84 4683
10 4680
57 4678
31 4675
145 4672
68 4671
153 4669
5 4667
18 4666
90 4658
22 4656
24 4645
34 4641
29 4634
33 4633
35 4625
96 4623
7 4615
1 4609
150 4602
98 4595
59 4593
50 4592
67 4591
4 4590
76 4588
93 4587
47 4580
85 4579
17 4577
65 4573
16 4567
8 4566
59 4563
97 4560
89 4551
48 4548
10 4547
58 4545
77 4544
62 4543
49 4535
25 4532
44 4528
63 4526
39 4520
86 4515
12 4511
39 4504
37 4502
44 4499
44 4494
65 4488
52 4486
33 4484
1 4481
99 4479
91 4476
29 4471
7 4468
67 4461
73 4460
120 4456
56 4455
5 4437
67 4436
34 4425
64 4421
3 4418
26 4415
19 4414
44 4409
66 4404
97 4402
82 4399
3 4398
85 4393
76 4386
50 4385
63 4382
6 4374
3 4371
39 4368
47 4363
34 4361
21 4359
145 4352
66 4347
30 4345
21 4342
10 4331
95 4329
78 4306
88 4305
57 4303
4 4301
89 4298
89 4297
59 4285
57 4284
73 4283
57 4276
89 4260
32 4257
60 4254
56 4253
83 4238
69 4235
66 4231
96 4227
11 4221
76 4219
45 4218
53 4214
82 4213
68 4208
72 4206
93 4202
64 4196
76 4191
107 4185
88 4179
57 4174
41 4167
7 4166
36 4163
74 4160
3 4159
63 4158
81 4157
97 4154
80 4153
19 4142
69 4135
52 4126
59 4125
84 4118
22 4109
3 4108
163 4106
30 4100
87 4099
98 4098
70 4083
16 4081
3 4071
52 4070
81 4062
1 4059
95 4056
60 4048
79 4047
93 4046
97 4027
59 4024
94 4023
17 4022
33 4016
78 4015
52 4003
77 4002
8 3992
43 3987
78 3980
51 3978
57 3969
37 3965
8 3962
39 3955
76 3954
46 3949
92 3948
22 3945
38 3943
74 3935
4 3931
60 3923
12 3917
67 3916
59 3914
75 3913
13 3904
57 3900
6 3899
52 3885
15 3884
37 3880
96 3876
72 3869
82 3867
92 3863
69 3860
82 3858
70 3856
84 3854
19 3853
44 3845
51 3842
52 3841
37 3840
97 3837
94 3834
19 3832
17 3820
75 3818
75 3812
135 3801
60 3794
82 3792
70 3781
45 3780
88 3775
58 3770
69 3769
11 3755
15 3753
8 3747
34 3738
65 3737
34 3735
46 3734
86 3733
20 3728
29 3722
25 3721
14 3715
6 3679
78 3675
16 3670
92 3669
90 3659
3 3657
76 3635
52 3633
88 3631
50 3629
33 3627
88 3626
42 3621
11 3620
82 3619
71 3617
15 3613
68 3604
10 3599
92 3593
78 3589
2 3588
62 3586
41 3585
17 3584
56 3580
18 3570
48 3565
15 3561
94 3560
94 3556
86 3550
84 3549
33 3542
95 3534
61 3533
62 3530
28 3527
61 3524
59 3523
36 3517
26 3516
94 3512
7 3511
62 3501
62 3498
132 3497
41 3495
45 3487
84 3473
98 3471
7 3461
53 3460
92 3458
48 3457
68 3445
92 3440
37 3434
77 3433
23 3424
60 3421
78 3418
27 3411
134 3409
51 3397
59 3393
3 3391
88 3388
84 3385
93 3373
64 3367
3 3358
72 3351
63 3350
98 3346
74 3341
42 3334
10 3332
41 3325
66 3319
13 3316
13 3314
4 3310
61 3301
89 3296
51 3293
82 3286
69 3284
87 3282
85 3272
54 3267
72 3256
94 3252
83 3247
19 3241
3 3240
32 3238
42 3234
60 3225
52 3222
46 3209
6 3206
47 3205
145 3204
1 3196
46 3195
65 3174
85 3173
73 3164
36 3158
58 3155
41 3140
111 3126
75 3124
98 3106
15 3100
68 3099
33 3096
16 3095
57 3093
70 3085
105 3082
18 3075
29 3074
54 3065
94 3063
136 3059
42 3057
84 3053
46 3051
96 3047
13 3043
65 3042
24 3041
2 3037
54 3031
90 3028
99 3026
35 3018
36 3014
42 3011
69 3010
88 3009
87 3007
3 3006
53 3002
41 2997
88 2995
56 2994
62 2983
98 2981
31 2976
38 2975
76 2969
97 2962
77 2958
36 2954
78 2952
84 2944
31 2942
31 2941
34 2937
10 2934
6 2922
29 2918
17 2911
1 2900
79 2888
45 2882
16 2867
84 2855
91 2847
14 2841
78 2830
69 2829
48 2827
40 2822
64 2819
65 2803
66 2793
27 2790
47 2788
55 2785
3 2779
88 2772
2 2770
27 2765
91 2764
13 2757
19 2756
74 2751
52 2747
37 2742
50 2740
65 2739
47 2734
139 2733
22 2731
49 2726
85 2718
36 2716
72 2715
54 2714
110 2713
61 2709
35 2706
14 2700
91 2698
75 2694
92 2682
16 2675
37 2672
18 2665
8 2662
99 2652
73 2648
11 2643
10 2639
22 2638
166 2636
49 2635
87 2633
72 2628
90 2627
2 2616
80 2605
26 2602
89 2595
77 2594
70 2587
75 2585
93 2582
74 2573
24 2572
8 2569
58 2567
18 2558
43 2556
12 2554
69 2551
9 2546
42 2530
78 2529
21 2528
64 2523
27 2521
21 2511
43 2505
13 2501
27 2488
131 2477
27 2476
46 2472
52 2466
86 2465
42 2460
82 2458
33 2457
79 2454
84 2452
1 2451
36 2449
34 2447
93 2446
26 2444
79 2440
71 2437
1 2432
53 2425
50 2422
27 2421
62 2415
79 2410
11 2403
83 2401
75 2398
177 2395
51 2391
44 2389
56 2388
97 2386
51 2382
73 2380
46 2377
81 2376
80 2372
17 2371
17 2369
48 2366
57 2358
97 2345
3 2343
22 2339
65 2336
60 2332
84 2326
43 2320
45 2316
14 2313
21 2311
5 2309
64 2306
17 2304
82 2298
14 2296
72 2294
65 2289
39 2287
74 2274
92 2271
9 2267
87 2266
42 2252
41 2251
73 2250
24 2245
18 2244
51 2240
69 2230
75 2229
83 2227
7 2226
69 2219
51 2218
27 2217
79 2214
17 2207
49 2204
64 2203
140 2201
17 2199
152 2197
50 2191
24 2185
42 2172
5 2166
42 2163
4 2159
32 2158
10 2149
87 2148
96 2137
68 2136
90 2135
11 2129
58 2125
60 2121
50 2119
95 2107
34 2105
53 2102
50 2097
60 2088
8 2085
69 2082
41 2078
92 2071
36 2066
38 2059
15 2054
69 2044
17 2043
52 2040
26 2039
56 2037
65 2036
94 2029
89 2019
47 2018
58 2011
61 2010
13 2009
79 2001
20 1999
68 1997
49 1986
80 1985
16 1983
39 1981
79 1977
88 1975
23 1974
64 1972
65 1968
2 1963
46 1962
92 1960
48 1958
51 1957
86 1955
6 1954
36 1952
58 1951
49 1949
91 1948
12 1941
84 1939
65 1936
49 1933
2 1931
12 1929
19 1925
30 1923
17 1917
16 1901
1 1893
126 1886
59 1882
40 1879
40 1875
12 1873
90 1872
41 1871
78 1860
79 1850
74 1849
30 1847
1 1840
38 1836
99 1829
65 1828
61 1814
24 1812
29 1808
27 1801
5 1798
14 1797
7 1795
63 1791
52 1785
75 1783
35 1780
61 1779
4 1776
39 1773
21 1770
16 1768
53 1765
74 1747
86 1743
7 1742
96 1739
4 1737
21 1725
90 1724
2 1721
42 1703
36 1701
113 1692
69 1689
17 1687
44 1681
87 1680
90 1674
92 1673
48 1658
82 1657
95 1656
43 1653
8 1647
25 1645
123 1643
60 1642
22 1640
7 1636
36 1632
87 1628
59 1617
49 1616
61 1615
32 1602
12 1594
3 1589
72 1584
7 1582
57 1578
46 1577
75 1567
40 1562
47 1561
48 1558
40 1554
42 1553
38 1544
22 1540
10 1516
46 1515
46 1512
18 1511
26 1506
65 1502
77 1501
88 1494
1 1493
37 1474
49 1468
87 1467
42 1462
20 1461
96 1460
79 1458
96 1456
2 1450
108 1442
80 1440
28 1436
45 1435
41 1426
155 1424
26 1421
86 1416
22 1414
41 1413
81 1409
118 1403
52 1401
13 1398
53 1396
27 1390
31 1389
20 1388
54 1379
8 1376
13 1374
9 1370
73 1368
8 1362
7 1360
16 1358
31 1357
21 1356
88 1354
35 1352
178 1344
74 1343
71 1333
69 1332
6 1331
9 1327
97 1323
85 1321
51 1314
27 1311
46 1309
89 1305
87 1302
67 1297
42 1286
26 1284
14 1281
36 1278
119 1276
21 1275
32 1270
92 1265
98 1262
62 1261
7 1260
88 1256
76 1253
51 1252
34 1249
37 1247
3 1245
74 1240
18 1236
32 1235
132 1234
35 1228
18 1227
39 1225
96 1220
79 1211
54 1207
50 1205
96 1199
20 1195
83 1192
73 1191
26 1189
51 1187
34 1186
73 1185
84 1175
28 1172
14 1162
56 1158
70 1154
19 1153
10 1152
128 1147
44 1139
3 1133
28 1131
95 1129
76 1128
60 1127
45 1119
50 1115
34 1114
69 1110
32 1107
82 1106
53 1103
53 1101
22 1100
17 1099
74 1098
71 1092
71 1089
9 1088
39 1081
114 1077
70 1076
39 1074
83 1072
31 1070
62 1066
92 1065
11 1060
144 1059
69 1047
39 1046
45 1043
78 1039
98 1037
62 1031
22 1020
85 1017
45 1007
47 1000
68 998
49 991
52 989
34 988
84 971
89 967
72 960
58 959
79 958
93 956
38 951
98 950
28 949
45 948
29 946
51 940
106 937
42 933
71 929
45 926
12 924
66 922
10 919
16 918
60 914
92 912
35 904
89 902
113 901
71 899
45 893
50 884
75 871
34 869
74 867
9 866
79 865
24 860
84 848
19 847
56 842
68 839
17 837
21 830
99 823
37 818
162 805
43 798
64 791
96 789
39 786
112 776
57 768
91 761
76 758
63 756
41 751
64 747
27 740
23 735
81 727
91 723
30 722
50 720
4 716
56 714
78 706
4 702
55 695
59 692
79 682
81 680
81 678
17 672
16 669
87 668
50 666
7 664
57 656
12 655
36 654
3 653
98 649
87 640
66 638
99 637
4 630
75 629
7 628
25 626
9 615
78 614
7 612
24 611
17 605
46 595
96 594
78 590
22 587
60 581
9 569
8 564
19 558
27 548
96 546
71 544
30 538
58 534
78 532
58 531
87 527
27 523
56 520
13 518
82 517
29 515
53 514
116 510
94 501
21 495
54 494
63 492
73 485
54 482
41 476
29 473
60 472
68 468
51 467
63 458
7 457
90 454
81 453
102 446
7 444
142 439
85 431
67 428
51 418
87 417
56 414
4 413
52 411
34 398
54 395
48 390
122 388
1 382
19 376
15 375
37 373
59 370
1 354
97 353
61 350
2 348
3 345
116 343
49 339
97 329
83 323
58 322
93 321
52 316
94 315
58 314
94 311
81 308
15 307
49 304
74 301
9 293
11 287
39 283
64 281
1 275
29 264
8 263
37 261
89 256
6 247
8 239
43 238
27 232
34 223
71 218
28 209
121 203
94 194
82 188
96 185
7 180
33 174
80 166
92 165
3 161
190 160
76 145
98 125
93 124
30 116
64 112
45 101
56 100
18 95
28 93
88 91
44 88
75 84
1 83
87 79
57 70
99 65
28 62
87 60
43 59
78 55
90 52
43 50
2 48
56 47
47 45
71 43
68 42
65 39
90 38
116 34
41 32
56 25
93 22
47 1
