130 998
114 996
79 989
40 987
3 986
159 985
66 984
94 983
13 982
65 981
167 979
57 978
4 977
63 975
48 974
38 973
50 970
77 968
10 966
159 965
30 964
100 962
75 960
43 959
35 958
54 957
154 955
101 954
28 952
86 951
116 950
220 948
99 945
194 944
71 943
72 940
101 939
325 938
17 937
17 936
140 934
108 933
122 932
81 931
42 929
126 928
16 927
14 926
53 925
137 924
119 923
67 922
95 921
123 919
61 916
111 915
89 914
99 912
83 911
70 910
92 907
54 906
22 905
122 903
53 902
59 901
6 899
12 898
23 897
36 895
94 894
97 893
60 892
61 891
94 890
81 889
59 888
96 887
60 886
43 885
79 884
2 883
48 878
73 876
42 875
87 874
55 872
94 870
32 868
44 865
95 864
92 863
36 861
66 860
7 857
87 856
46 855
68 854
7 852
86 851
6 850
97 849
71 848
86 847
104 846
62 845
31 842
30 841
76 840
35 836
6 835
126 832
102 831
12 829
141 827
28 826
102 825
167 824
19 823
87 822
199 821
153 817
4 816
3 811
134 810
48 809
91 807
97 805
43 804
151 803
80 802
133 800
26 799
167 798
76 797
2 796
35 788
17 786
45 784
20 783
99 782
73 781
72 780
86 777
87 776
65 775
105 774
82 773
123 772
150 771
77 770
89 767
92 766
77 763
10 762
41 759
38 758
53 756
72 755
80 753
69 752
135 748
32 745
47 743
94 742
2 740
161 737
143 735
182 733
90 731
21 730
91 728
5 727
90 725
110 724
95 721
33 717
75 716
222 715
101 714
80 713
182 712
21 711
80 710
78 709
76 707
51 706
170 704
77 703
1 702
83 698
36 697
198 696
97 695
48 693
222 691
29 690
36 689
72 688
45 687
27 686
19 685
52 684
193 682
27 679
92 678
96 677
3 675
30 674
27 672
76 671
109 669
64 668
126 666
130 664
27 663
30 662
5 661
21 659
185 657
14 656
58 655
64 653
23 651
46 648
42 646
33 644
181 643
4 642
90 641
4 640
30 638
81 637
71 635
61 634
148 630
56 628
99 627
66 626
123 625
89 624
86 623
105 622
72 621
93 620
65 619
6 618
102 616
32 614
28 613
26 612
147 609
33 608
138 607
23 605
141 602
27 600
32 598
88 596
28 595
48 593
41 591
129 588
41 587
202 585
123 583
57 582
19 580
40 579
76 578
89 576
56 574
15 573
87 572
69 571
37 570
51 569
83 568
91 567
73 566
35 565
80 564
34 561
73 559
53 558
101 556
80 555
180 553
92 552
154 551
71 550
42 549
14 548
55 547
58 546
82 545
44 544
198 542
95 541
17 540
63 537
113 535
204 534
194 531
138 529
9 528
64 527
46 526
40 525
15 524
76 523
13 522
73 521
83 518
25 517
111 516
148 515
53 513
73 510
93 509
89 506
145 505
1 503
93 502
58 501
2 499
4 498
97 497
95 496
95 495
99 494
66 492
84 490
11 489
67 488
71 486
42 485
102 484
9 482
225 480
145 479
148 476
135 475
74 474
14 473
49 470
67 468
29 467
93 463
6 462
153 461
51 456
34 452
63 451
59 447
43 445
168 443
186 442
171 441
60 440
86 439
116 438
92 437
107 434
75 433
55 431
82 429
153 428
51 427
63 425
20 424
16 423
95 422
60 421
95 419
91 417
79 416
68 415
6 414
133 412
27 410
60 409
160 407
211 406
273 405
66 403
146 400
55 398
75 396
90 394
85 393
36 391
80 390
148 389
67 388
34 387
50 386
35 383
67 382
28 381
33 380
58 379
157 378
33 377
62 375
18 374
49 373
272 372
139 371
98 369
172 368
90 366
72 365
50 363
117 362
33 361
21 360
17 359
114 356
46 355
128 354
19 353
38 349
90 346
83 345
82 343
91 342
96 341
44 340
119 338
53 337
71 336
18 335
82 333
120 330
8 327
190 326
138 325
115 324
47 322
25 321
74 318
56 317
25 316
26 314
118 313
41 311
41 309
90 308
48 307
84 306
108 305
57 304
43 303
19 302
119 301
43 300
25 299
95 297
52 296
51 294
54 293
41 292
17 289
88 288
52 287
135 286
16 285
49 284
139 283
98 278
65 276
95 275
51 273
168 272
66 271
197 270
72 269
92 268
81 267
10 266
16 265
48 263
182 262
22 261
63 260
85 259
49 258
32 257
6 256
71 254
74 253
134 250
114 249
1 248
168 247
53 246
53 245
103 244
81 243
4 242
77 241
20 239
78 238
25 237
42 236
24 235
11 234
147 232
25 231
257 230
305 228
18 227
13 224
94 223
82 222
80 220
80 217
229 215
71 214
98 209
88 208
16 207
43 206
146 205
92 204
3 203
19 201
208 200
19 197
56 195
67 192
22 190
20 189
22 184
99 183
16 182
11 181
74 180
75 179
129 178
15 177
57 176
72 174
106 172
97 171
25 168
137 167
65 166
27 165
90 164
36 162
50 159
12 158
142 156
28 155
5 153
104 152
132 150
122 148
21 146
24 142
58 141
91 140
79 139
32 138
116 136
175 135
160 132
63 131
83 130
95 129
68 128
50 127
26 126
9 125
72 124
59 122
138 121
95 120
96 118
26 117
145 115
181 114
171 113
150 112
60 109
1 108
118 107
181 106
167 104
87 103
48 102
82 97
95 96
27 94
7 90
37 89
143 87
84 86
70 85
93 84
106 81
92 80
58 78
103 76
9 75
88 74
61 73
28 71
62 70
27 68
22 67
40 64
209 63
44 61
93 58
71 56
69 54
92 53
174 52
115 51
134 50
128 48
12 46
84 45
99 44
50 41
75 39
77 38
6 36
14 34
124 33
120 32
67 30
60 29
97 28
125 27
127 25
17 24
102 23
23 21
92 19
99 17
33 15
13 14
56 13
82 12
112 11
24 9
172 8
74 7
37 6
4 4
197 3
50 2
78 0
